0.65436,0.62736
0.65983,0.62936
0.66533,0.63121
0.67085,0.6329
0.6765,0.63446
0.68244,0.63592
0.68877,0.63727
0.69558,0.6385
0.70281,0.63957
0.71047,0.64046
0.71851,0.64113
0.72691,0.64158
0.73567,0.64179
0.74472,0.64172
0.75408,0.64136
0.76369,0.64065
0.77353,0.63953
0.78357,0.6379
0.79373,0.63569
0.80399,0.63295
0.81438,0.62984
0.82483,0.62638
0.83532,0.62251
0.84581,0.61818
0.85623,0.61335
0.86653,0.60799
0.87668,0.6021
0.88663,0.59574
0.89638,0.58893
0.90592,0.58172
0.91523,0.57415
0.92432,0.56625
0.93316,0.55806
0.94175,0.54962
0.95009,0.54095
0.95817,0.53208
0.96597,0.52303
0.97352,0.51384
0.98078,0.50455
0.98778,0.49517
0.99451,0.48572
1.001,0.47625
1.0072,0.46676
1.0131,0.4573
1.0188,0.4479
1.0243,0.43858
1.0295,0.42936
1.0345,0.42027
1.0392,0.41134
1.0438,0.40256
1.0481,0.39401
1.0523,0.38568
1.0563,0.37757
1.0601,0.36977
1.0637,0.36221
1.0672,0.35497
1.0704,0.34806
1.0736,0.34149
1.0765,0.33528
1.0793,0.32946
1.0819,0.32406
1.0843,0.31899
1.0865,0.31437
1.0886,0.31019
1.0904,0.30645
1.092,0.30319
1.0934,0.30039
1.0946,0.29809
1.0955,0.29629
1.0961,0.29505
1.0965,0.29426
1.0968,0.29376
1.097,0.29338
1.0973,0.29299
1.0977,0.29258
1.098,0.29221
1.0984,0.2919
1.0988,0.29163
1.0993,0.29141
1.0998,0.29122
1.1003,0.29107
1.1007,0.29097
1.1012,0.29092
1.1017,0.29091
1.1021,0.29095
1.1026,0.29103
1.1031,0.29115
1.1036,0.29131
1.104,0.2915
1.1044,0.29174
1.1048,0.29201
1.1052,0.29233
1.1055,0.29268
1.1058,0.29304
1.1061,0.29342
1.1063,0.29384
1.1065,0.29429
1.1067,0.29475
1.1068,0.29522
1.1069,0.29569
1.1069,0.29615
1.1069,0.29661
1.1068,0.29708
1.1067,0.2976
1.1066,0.29819
1.1063,0.29894
1.1059,0.29982
1.1055,0.30088
1.105,0.30211
1.1045,0.30348
1.1039,0.30501
1.1032,0.30669
1.1025,0.30851
1.1017,0.31046
1.1008,0.31257
1.0999,0.31481
1.099,0.31719
1.098,0.31971
1.0969,0.32234
1.0958,0.32515
1.0946,0.32812
1.0933,0.33122
1.092,0.33445
1.0907,0.33782
1.0892,0.34129
1.0878,0.3449
1.0863,0.34861
1.0847,0.35243
1.0831,0.35637
1.0814,0.36042
1.0797,0.36458
1.078,0.36883
1.0761,0.3732
1.0743,0.37764
1.0724,0.38218
1.0704,0.38681
1.0684,0.39153
1.0664,0.39634
1.0643,0.40123
1.0622,0.4062
1.06,0.41123
1.0577,0.41635
1.0555,0.42153
1.0531,0.42678
1.0508,0.4321
1.0483,0.43746
1.0459,0.44289
1.0434,0.44837
1.0408,0.4539
1.0382,0.45948
1.0355,0.4651
1.0328,0.47077
1.0301,0.47646
1.0273,0.48215
1.0245,0.48785
1.0216,0.49359
1.0187,0.49936
1.0157,0.50514
1.0127,0.51093
1.0096,0.51674
1.0065,0.52255
1.0033,0.52838
1.0001,0.5342
0.99686,0.54002
0.99353,0.54584
0.99015,0.55164
0.98672,0.55743
0.98323,0.5632
0.97969,0.56895
0.97609,0.57467
0.97243,0.58036
0.96872,0.58602
0.96494,0.59163
0.96111,0.5972
0.95721,0.60271
0.95325,0.60817
0.94922,0.61356
0.94512,0.61888
0.94096,0.62413
0.93673,0.62929
0.93243,0.63437
0.92805,0.63935
0.9236,0.64422
0.91907,0.64898
0.91447,0.65362
0.90979,0.65813
0.90504,0.6625
0.90021,0.66673
0.89532,0.67081
0.89035,0.67473
0.88533,0.67848
0.88024,0.68206
0.87511,0.68547
0.86993,0.6887
0.86472,0.69176
0.85948,0.69464
0.85422,0.69734
0.84895,0.69987
0.84367,0.70221
0.8384,0.70438
0.83315,0.70637
0.82792,0.70818
0.82272,0.70983
0.81756,0.71132
0.81244,0.71264
0.80739,0.7138
0.8024,0.7148
0.79748,0.71565
0.79262,0.71636
0.7878,0.71693
0.78297,0.71737
0.77813,0.71769
0.77327,0.71787
0.76841,0.71793
0.76355,0.71786
0.7587,0.71766
0.75385,0.71733
0.74903,0.71688
0.74425,0.71631
0.73951,0.71561
0.73481,0.7148
0.73016,0.71388
0.72556,0.71285
0.72102,0.71171
0.71654,0.71048
0.71211,0.70914
0.70775,0.70771
0.70346,0.70619
0.69923,0.70459
0.69508,0.7029
0.69099,0.70114
0.68699,0.69931
0.68305,0.69741
0.67917,0.69543
0.67535,0.6934
0.67162,0.69131
0.66797,0.68917
0.66439,0.68699
0.6609,0.68477
0.65749,0.68251
0.65415,0.68023
0.6509,0.67792
0.64772,0.6756
0.64463,0.67325
0.64161,0.6709
0.63867,0.66853
0.63581,0.66617
0.63302,0.6638
0.63032,0.66143
0.62768,0.65907
0.62513,0.65672
0.62265,0.65438
0.62024,0.65206
0.6179,0.64975
0.61564,0.64747
0.61345,0.64521
0.61134,0.64297
0.6093,0.64077
0.60733,0.6386
0.60543,0.63646
0.6036,0.63436
0.60185,0.63229
0.60017,0.63026
0.59855,0.62828
0.59697,0.62635
0.59544,0.62449
0.594,0.62267
0.59267,0.62088
0.59145,0.61911
0.59034,0.61738
0.5893,0.61569
0.58831,0.61406
0.58738,0.61251
0.58655,0.611
0.58588,0.60957
0.58534,0.60828
0.58484,0.60701
0.58442,0.60576
0.58411,0.60457
0.58391,0.60347
0.58379,0.6025
0.58377,0.60171
0.58381,0.60098
0.58389,0.6003
0.58401,0.59964
0.58418,0.59903
0.5844,0.59846
0.58463,0.59794
0.58487,0.59748
0.58515,0.59707
0.5855,0.59671
0.58592,0.5964
0.58647,0.5961
0.58715,0.59582
0.58792,0.5956
0.58875,0.59548
0.58964,0.59545
0.59063,0.59553
0.59179,0.59573
0.59304,0.59607
0.59433,0.59651
0.59572,0.59712
0.59721,0.59786
0.59883,0.59873
0.6006,0.59973
0.60249,0.60082
0.60452,0.60202
0.60675,0.60336
0.60916,0.60484
0.6117,0.60641
0.6145,0.6081
0.61755,0.60985
0.62081,0.61166
0.62438,0.61357
0.62822,0.61558
0.63231,0.61765
0.63658,0.61973
0.64098,0.62177
0.64542,0.62373
0.64988,0.62559
0.65436,0.62736
